size    fill    velocity    last_step   final_t
big 0.15    -0.1    404000000   NA
big 0.15    -0.25   192000000   254860.8
big 0.15    -0.5    100000000   355862.5
big 0.15    -0.75   49500000    106223.7
big 0.15    -1.0    37800000    79660.35
big 0.25    -0.1    NA  NA
big 0.25    -0.25   289520000   NA
big 0.25    -0.5    119400000   117761.83
big 0.25    -0.75   57500000    NA
big 0.25    -1.0    60000000    385037
big 0.35    -0.1    246240000   NA
big 0.35    -0.25   150000000   NA
big 0.35    -0.5    74900000    NA
big 0.35    -0.75   56700000    NA
big 0.35    -1.0    80000000    287571
med 0.25    -1.0    30000000    69190.4
med 0.35    -0.1    321920000   NA
med 0.35    -0.25   126400000   116423.88
med 0.35    -0.5    55800000    345776.9
med 0.35    -0.75   39960000    248743
med 0.35    -1.0    30000000    187084
